   1.0800155677856433E-002  0.90788344482099737     
   1.6683140239465155E-002  0.63569623485272730     
   2.0152659676565356E-002   1.6664601750656167     
   3.0095765856956763E-002  0.62398102484276596     
   3.3178590726404722E-002   1.3780663032388389     
   6.0290050834928270E-002  0.58291925354738927     
   7.0323418011148262E-002  0.48713061207996544     
   7.5590394328999791E-002   1.1715088084530152     
   7.8537156075745088E-002   1.8732718920606357     
   9.5243939500873454E-002  0.14745591029998542     
  0.13094715039162880       0.55593369574764695     
  0.13309872726991082       0.45351569521258245     
  0.16076042171752200       0.77245072555132144     
  0.16406159501807999       0.65976230100020739     
  0.18406156504579121       0.29903134856672359     
  0.19523952910686732        2.1534059069117721     
  0.19848179928374166        2.6970715668226846     
  0.19866926589390968        5.2402206847317654     
  0.26462566769792556        2.8374892297823973     
  0.29058479596714015        3.0364561637743663     
  0.30616906293304669        3.1544919008263959     
  0.30992543313340809        2.8575236329250764     
  0.50697547185249658        1.4085477537517650     
  0.59632908606457002        2.2009137686085198     
  0.61949162032650329        1.8364160375433836     
  0.62876094258509796        1.5952831516439090     
  0.65787941102677461        1.1783598830132753     
  0.79066525146863353       0.63211856700551416     
  0.79923507699641805        1.4734122832831082     
  0.86654663463405934        1.3138167681254587     
  0.94029322900888812        1.0191926146140800     
  0.98167887461520886        1.1851253017339354     
   1.0026393618736706       0.93629409667583752     
   1.0304537384751800       0.65124930537409786     
   1.0392115687071615        1.0954057643760875     
   1.0434452467636921        1.6087502341284785     
   1.0803331169972505        1.0585207185142631     
   1.1570112725935779       0.90676800039584649     
   1.1634483673756506        1.2881206188927528     
   1.1685792272845561        1.2708453371028141     
   1.1848759953556980        2.1833722182003008     
   1.2196330558479196       0.90414612937116934     
   1.2233788619952570       0.88024282050505231     
   1.2263714142888447       0.67694969569580477     
   1.2326120587527609       0.45798949373501630     
   1.2358246341276682        1.7812058891270859     
   1.2507898468155720       0.39036728889988592     
   1.2598871405519092       0.65654811374680189     
   1.3049676437304047        1.3618814480195034     
   1.3140502265736083       0.65099627847693975     
   1.3267079992068518        1.7135017216509398     
   1.3892005088870216       0.64996733609466462     
   1.3903350086406594        1.2467206069009205     
   1.4031681546030776        1.7152096969179478     
   1.4195397138451129       0.69891713532993216     
   1.4280238218119392       0.87898993294871197     
   1.4344675906286959        1.3314324867829268     
   1.4489979860125994        1.7741250855434041     
   1.4668359600572756        1.2758375640621793     
   1.4695296718918711        2.3370348711847098     
   1.4885136167206381       0.99736637841803943     
   1.4967714627036062       0.30877374194193885     
   1.5526627373206887        2.0410181945615071     
   1.5840224396035225        1.8813574640856476     
   1.6009836749249446        2.0217318141121368     
   1.6075266711919745       0.83827183292486351     
   1.6123668780231755        1.4315459752401016     
   1.6355467327270099       0.64450985821286499     
   1.6379722152363450        1.2827147867567510     
   1.6721657891767787        2.0519544401005514     
   1.6837805165216202        2.5750596134058195     
   1.7038355015832618       0.65326012817938661     
   1.7253099235817435        2.2851727540713744     
   1.7581824806477910       0.51505030260269624     
   1.7619829684957968       0.88190136683886522     
   1.7636343322011250        1.5169755719573290     
   1.7699696086300900        1.0251372528144780     
   1.7766079381999860        1.0945213499954478     
   1.8010102816599816       0.35039717990087688     
   1.8054358751807622       0.89084396510850405     
   1.8316302891944418       0.67713374731113085     
   1.8328772571246006        1.0745090186339916     
   1.8406814087146779        1.2222262163590294     
   1.8581737970460679       0.74211752852402468     
   1.8643510290193117        1.3761337806147975     
   1.8673557583769991       0.84085846834890632     
   1.8722421052768456        1.1493680192233251     
   1.8779670385393090       0.81390317069794416     
   1.8813012317876689        1.5703425237546476     
   1.9284011632640508        1.1188890103988365     
   1.9535586758243773       0.98277660258133126     
   1.9746598227936631        1.0019666670290035     
   1.9802749090384326        1.2977334267438825     
   1.9873152365765505        1.8696328822640287     
   2.0133026460537722        1.0469636384390471     
   2.0163485402739374        1.2041263915646172     
   2.0481191646097741        3.2107422909183709     
   2.1192691987259886       0.61356058956254089     
   2.1491607753397144        1.2039158411296371     
   2.1620511237835358       0.13745592730113251     
   2.1653158488933255       0.88264534111148774     
   2.2431793201353272       0.52790336328914522     
   2.2455124649973062        3.0537390824922843     
   2.3049844097749008       0.26741350535477787     
   2.3391405136325125        1.6291528997453564     
   2.3731006950227651        1.3521275383106546     
   2.4080306081462921       0.55983712957998666     
   2.4118065363738315        1.1327653881699704     
   2.4171465759743156        1.2406899222048959     
   2.4369573743009005       0.26139748394220513     
   2.4836061245957435       0.63122471118185142     
   2.4867874849192648       0.63404177055472410     
   2.5013495127560708       0.96612656579137135     
   2.5090576361366810       0.75316989836688464     
   2.5200983065092890       0.60795070748991797     
   2.5247427387148855        1.5075415650178312     
   2.5468101278796453       0.63169972289783038     
   2.5632975266285634        1.4184133940442949     
   2.6576064346047983       0.37981688803622315     
   2.6785835543450980        2.1026358272329766     
   2.6885465931185997        1.7339208511431268     
   2.7170529985665284        1.9125120949988248     
   2.7420810794413217       0.88906888191760924     
   2.7508978313051036        2.0369885012139552     
   2.8051981557148502        1.2084721789695707     
   2.8101383675973133       0.76723257536239686     
   2.8215386748191986        1.0673435522214754     
   2.8468890393285693       0.60334754489947473     
   2.8529554745805159        1.4362910682710019     
   2.8635564900620780        1.3738252731986624     
   2.8870179220163412       0.31776184790258966     
   2.8942781450407993        2.0924343068043094     
   2.9077850348470986       0.79108908573681413     
   2.9177380670407214        1.1899847201593732     
   2.9252200106169322       0.51531093951478446     
   2.9430483191317296       0.68952387681993887     
   2.9473654493315480        3.0587968944432617     
   2.9519671730082675        2.3028812783829689     
   2.9879014461769273       0.96744525881844168     
   2.9885646356735900        4.6197248675105360     
   2.9888028248741536        7.7514383084419878     
   3.4414171658950670        4.7564199786559298     
   3.4662820767998781        3.9704168950504912     
   3.6162321013144783        3.1402499211502577     
   3.7003847543116444        3.7168455026586469     
   3.7673746959429488        3.8836078189086476     
   4.1230507160072456        3.6960747730333390     
   4.3262024498831462        2.7803950238099699     
   4.4233923872740508        2.9157306937651781     
   4.4910669639290672        4.2089535119783648     
   4.5211947756863928        2.2225833710453320     
   4.8665036457800079        3.4340366876354169     
   5.0572025374535574        2.3061043094571145     
   5.0825010922855371        2.8373975601933852     
   5.1248375443276339        3.0533742333460747     
   5.2954190815163251        2.5284008095471671     
   5.3543969998299454        3.5593837771710830     
   5.9363850640968119        2.2511957481778873     
   5.9678457361758879        3.3367750092181412     
   6.0134073444249188        3.0860130244983024     
   6.0269182854745171        3.5389595984421445     
   6.0548003055407547        3.0455001080309803     
   6.3264689268359806        3.2634728881983657     
   6.4168883510450812        2.6339689784557643     
   6.5992049211798172        2.6277982982603523     
   6.7394019366332927        1.8349954058047080     
   6.7523038571775578        3.4002179984551346     
   6.7836044175798875        2.0847513632871184     
   6.7852339663282271        2.1130027478780997     
   6.8711324784035366        2.4953879632948142     
   6.9727671312496211        2.8598613677846232     
   7.0080097406151980        2.2085907010664947     
   7.1113745991322563        2.7523746500741049     
   7.3921524635221427        4.1114847620805772     
   7.4518536341736121        2.3376980360428736     
   7.4819015710180450        2.1237178203083897     
   7.5301205126931023        1.7351200331941432     
   7.6328895150115708        3.3833669583764880     
   7.6443425027884038        2.3166329004300525     
   7.6600677055405804        3.2366111715223513     
   7.7812588716571573        3.3705636765882105     
   7.8327596135366715        1.8906094594005105     
   7.8596792353029663        3.1672443242851047     
   7.8862991165958807        2.1812400158398551     
   8.0353038171588977        2.0879373062520790     
   8.1167287935068071        1.7230420783253495     
   8.1570439330097670        4.0854612454666350     
   8.1759345614227339        3.2894854747193683     
   8.1913790910025988        3.2362823079432719     
   8.2533428001601088        2.0321122150368534     
   8.2685139947927411        2.4457750067969406     
   8.2736570664851801        1.7939592540336891     
   8.4290568595710376        1.8109944199107486     
   8.5127351138131022        1.8342449862991692     
   8.5296464314450287        2.5555023871283211     
   8.6211923278792266        3.4030599266353829     
   8.6695213150119805        3.3094444811392845     
   8.6841569615715901        1.5572112143586023     
   8.7255451745735062        2.3624206237720156     
   9.0187335988985744        2.5410881791052597     
   9.1785977761713333        1.8837970305451401     
   9.1835325961709593        4.3077561648290743     
   9.2201525198788836        3.1651355520667663     
   9.2282409938894965        1.8302503693539700     
   9.2568135813725689        2.7773702890851482     
   9.2635003590784226        2.3703328750467292     
   9.3123456525839021        2.3419121397769365     
   9.3821241015647256        2.2167389689618271     
   9.4689035505611923        2.6315227259397180     
   9.4920312024067020        2.5014189071788833     
   9.4985706201044326        2.2189607327675773     
   9.5214974885616215        2.7086271346802757     
   9.6437309746108824        1.8614561631012259     
   9.7562135315261269        2.1507987313768115     
   9.7628368526435860        2.2093757359029222     
   9.7732497038204151        1.2239910548160708     
   9.7767103697975557        1.9585832639236429     
   9.8091596111300010        2.0312536637483216     
   9.8223146086885205        2.2848593240620865     
   9.8454603836571533        1.8487280740259138     
   9.8749886299959915        2.0815917590084432     
   9.9872766865692686        3.3271556471585795     
   10.036576247927499        4.0984889538456590     
   10.168189217791582        1.9093152398607780     
   10.250726128111651        3.0700147211804523     
   10.287767621209014        2.5257833715193487     
   10.312361462961613        1.6743031262617913     
   10.552580524184570        2.5275598424749885     
   10.568075048820305        2.9150904410117713     
   10.840145929329742        2.4186918163495590     
   10.858778806474701        1.9590198530420810     
   10.994052437623010        1.4394843819154222     
   11.022389602900704        1.8310497249904500     
   11.202649360632025        1.4678945613646270     
   11.243778121769950        2.1543659328433860     
   11.278029318418605        1.8526439066145703     
   11.292511448045492        2.3326570967849043     
   11.352361961579252        2.2675367368087005     
   11.367080726324527        2.1101037345492961     
   11.392371966755073        2.1721804694572135     
   11.404978830079349        3.0188168093584711     
   11.458819679926298        1.4942589467165093     
   11.505937825153431        1.0965644122586795     
   11.510087453727044        2.2178241007323214     
   11.559918882299066        2.5123943527588790     
   11.567781029353407        2.1831341945393858     
   11.585605312442230        3.2434035341476384     
   11.665613321450671        1.7332176037130700     
   11.719028882434101        2.3321439148169438     
   11.859648155589420        1.4920716200060771     
   11.966915130319672        3.5781214108148562     
   11.997937632529389        1.8291094364394629     
   12.012188400423373        1.8452006141731869     
   12.050211327507728        1.0717923551035031     
   12.052883621732207        3.4265811415744247     
   12.081869499626830        3.0385931828459318     
   12.121095235789070        1.9343715876708005     
   12.134553492251909        1.7131020710115299     
   12.138531164148096        2.4988995807552428     
   12.206226205900723        2.4016968070682214     
   12.274719889920945        1.6086758582564971     
   12.409113662109787        3.4345569721888189     
   12.445985127726825        2.3028830197192609     
   12.457112607778722        1.8386468328173415     
   12.490555313396264        2.2285759684359983     
   12.520284240382583        2.6902630822686677     
   12.541423549605241        2.3121553164275501     
   12.586119435270540        1.8422270576187256     
   12.643130578889700        1.9995126112364672     
   12.646060036300343        2.1058889638621352     
   12.655916460461473        1.5815035953403480     
   12.668784701181888        3.2783884149735778     
   12.818235532459941        1.6355761698088067     
   12.863365773418449        1.4964486268285011     
   12.872310314252392        3.7738183247903176     
   12.943143996727649        2.8813889186441588     
   12.984904306676686        2.0720813756683816     
   12.999147487207244        1.5476984796072517     
   13.024166498549418        2.1589416176107044     
   13.055698970748539        1.6854553158541830     
   13.110648032009701        1.2233697527651062     
   13.137676833342459        1.5034495295635906     
   13.152050414399220        2.1686648470278964     
   13.196841048000069        1.1535866844743605     
   13.271543256145781        1.5554371468287647     
   13.323087213475386        1.8945185692802959     
   13.423695995752102        1.7686227816973961     
   13.491983574544919        2.1809828885101692     
   13.501878095015384        3.8631787473630874     
   13.572304137403417        1.1633938373956478     
   13.588895548601450        3.2407128506182072     
   13.650409152464308        2.1470987751273345     
   13.777132355651663        1.1302341346986975     
   13.860848096137904        1.1405244564275125     
   13.890659220489036        1.1530695925614600     
   13.899570595856542        1.4736924974926824     
   13.955573354884899        1.3549011082983451     
   13.976209006247714        2.2819822004087951     
   13.987405670155653        1.4885850204252926     
   13.992808439683317        1.8039043475489880     
   14.011219701774756        2.1746114001622447     
   14.019068767245010        1.2703307835351096     
   14.053679447364848        2.0108285869310278     
   14.209413879825636        2.7344271155428990     
   14.237216005498514        2.0092610210958011     
   14.266153971370837        1.6412209673900400     
   14.281878053875007        1.8094628130128185     
   14.283967207358756        1.8338142027513189     
   14.304783333830089        3.3375163248935835     
   14.377771963705879        1.9372667719537731     
   14.410029579537031        2.6464565448228790     
   14.545197170335555        1.1847173389593966     
   14.550038149167136        1.3608592955918914     
   14.563503757311794        3.9918008107616472     
   14.595178196689080        1.7470142592029574     
   14.657025256015242        1.3267284170088207     
   14.706635254971015        2.3120468592527215     
   14.733311968994560        2.2059956462268446     
   14.750455092389814        2.3260609055308357     
   14.869244096744071        2.4046497564138880     
   14.894975628818489        1.6581331106287658     
   14.902256694419069        1.4335118308227039     
   14.960255162798443        2.0127454003740248     
   14.967740868567141        1.2355028393109009     
   14.974769240110183        4.3714690261729965     
   15.078951538849266        1.6341478522655000     
   15.132873919969297        2.1945395180850671     
   15.148746353590624       0.81395190589313837     
   15.177488998515273        1.5390663337140227     
   15.196537419749394        1.7219861427313945     
   15.238890291588703        3.1865667990029332     
   15.248640612617905        2.0364988782475488     
   15.261152582219424        2.8719288733766901     
   15.286721558782615        2.0248584020015006     
   15.363054821716542        1.9540075236201928     
   15.368574994613354        3.1786992778290135     
   15.405310946771984        1.0843123907430350     
   15.471010559689873        1.9680912550594638     
   15.512441995281298        2.2786970587022144     
   15.641935689502091        1.8933045755441404     
   15.663473961835839        1.6564486319025866     
   15.671336237881349       0.90555781992023265     
   15.700572138367306        1.3207094358483824     
   15.730658278554682        2.7840484274487420     
   15.751844681262215        1.7843114457467926     
   15.779826896895928        1.2897455705828720     
   15.785231334247745        2.1277270567836855     
   15.800943853852271        1.2783242971138664     
   15.833799626325405        1.1709491260328018     
   15.865436397099833        2.6700857983002422     
   15.879276612593696        2.6249099305918238     
   15.939175811703262        1.5732264652654038     
   15.947126534711506        1.8960581375683991     
   15.949667256313990        2.6613637227786651     
   15.969071079876732        2.0506678143653763     
   15.970996268734400        2.4188485538741400     
   15.987025582860102        1.3541639070622042     
   16.083166411648662        1.3352961480714036     
   16.089664193015064        1.5954488444664321     
   16.098797276529211        1.1176478157364989     
   16.118548553111733        1.8567680174800651     
   16.141006298963234        4.0292404915948232     
   16.220016894466379       0.89315789358069320     
   16.243515262461081        1.9681147974026281     
   16.296062185821842        1.6562857379114602     
   16.309216503414817        1.4988166239020386     
   16.324090630828735       0.94572413540318712     
   16.351423029786137        2.3535493597187105     
   16.375934183178561       0.93583745205876645     
   16.410181698055769        2.5067258812315161     
   16.483695237359072        2.5910464301707949     
   16.509178336874481        2.2993341533262863     
   16.603761058005471       0.75691531694898917     
   16.609973047276046        1.7706942830277732     
   16.628105131359224        1.5249038109500164     
   16.672214548969745        1.4198361251064138     
   16.694892924290865        1.7196093493099149     
   16.733166605701868        2.1814225942304111     
   16.800401524855673        1.5103999694910892     
   16.869581039350095        1.5845649959476797     
   16.892657072085917        4.9419933417872652     
   16.992015909171311        2.3938154561496598     
   17.052279027332670        1.3322625648680755     
   17.158971525548871        1.1011805270164283     
   17.205114498999102        2.0054763399610542     
   17.234080178685506        1.3779420350694815     
   17.265233688232595        1.2646392343468198     
   17.302418281181335        1.4331198690600822     
   17.328319096564954        1.8634803517670551     
   17.347244956008016        2.7497579289213703     
   17.360950612900126        2.8326979947429463     
   17.384312767155389        1.1929054451321508     
   17.452407722077179        2.6081505294111302     
   17.478703281281419        1.9426969558868714     
   17.553520229403158        1.2679878639420179     
   17.564261212961366        1.5469120994612620     
   17.617677635718987        1.0781418038240131     
   17.626129189685347        1.5990236455179352     
   17.641135457930570       0.88439736575196115     
   17.646595147713654        1.3111365251702531     
   17.648982772969514        1.7900157685160543     
   17.650912406816484        1.8653941660449453     
   17.669657199164128        2.7835212506730054     
   17.692088271745085        1.6839921318766278     
   17.732650255122199        1.0531710376172856     
   17.788012154625438        1.2792071440618613     
   17.793402154040116        1.8720331250597644     
   17.834992887828133        1.4951889527805442     
   17.891171202245392        1.3167579043251487     
   17.963274552986462        1.3364077216917998     
   18.005044945068665        1.7187109159293548     
   18.017701207789756        2.2537989795269309     
   18.034219091669375        1.1845454591587814     
   18.081327750292004       0.87224546837996586     
   18.081978293296583        1.8885160811424926     
   18.090459724136544        1.1106183216794328     
   18.143719597205386       0.79519935011479104     
   18.177117077427347        1.3010186184225936     
   18.203001648815810        1.4420076554730923     
   18.231776310196484        1.0032084561659942     
   18.328416239525687        1.5751452317695425     
   18.335074508442382        1.8796755693732676     
   18.376037135639169        2.0649069443648878     
   18.417008889048496        1.5139708242874497     
   18.430272256261176        1.5936235337285407     
   18.433537783948601        2.2748331821624279     
   18.449686524062120        2.6810333864009914     
   18.474564923070634       0.95211873975499128     
   18.485142677802820        1.0846925742988009     
   18.496690679103349        1.3141462413868519     
   18.620594071840465        1.1844200852451148     
   18.681422569059269       0.99987639173301579     
   18.697379967303490        1.9170497875581605     
   18.727357675241407        1.7497108924357068     
   18.753548741298641        2.2521994400104459     
   18.784251279836621        2.0400520667961466     
   18.796200811272573        2.2527414878571919     
   18.823412515239742       0.77889986045076820     
   18.839455308519209        1.2478933079128469     
   18.843468875976193        1.6844637675089764     
   18.931368765715327        1.1348374322356638     
   18.942362835493771        1.3853225509602372     
   18.960665741149342        1.5481707038409822     
   18.972859162476432       0.70553609545193419     
   18.978896693898346        2.6089974499653792     
   18.998811475715087        1.5350102392385010     
   19.027259471186650        1.2484429380530158     
   19.040285842446785        1.2527886226250808     
   19.054296662304118        1.1157608290805985     
   19.069558021372632        1.6194537098514672     
   19.126945763429177        1.5816757822961673     
   19.182367190007053        2.7636537709868501     
   19.200591219232809        1.8271691294099905     
   19.219733643266345        1.0265942632700356     
   19.226802579020742        1.6968555356665749     
   19.256192717697427        3.0481625661672123     
   19.277798202970459        1.3127157287861244     
   19.374977284651145        1.2930717501069326     
   19.398621095657361        2.0404557440994036     
   19.450849860737147        1.2549254203593132     
   19.465493444293411        1.8229121649010349     
   19.475118628539562        1.4268497616492024     
   19.511402239606213        1.6777898482044988     
   19.553845836932307        1.1724483395494236     
   19.559796449210317       0.64223176305443341     
   19.610885844693087        1.2341469006572781     
   19.631252657642502        2.2173005195609705     
   19.637938502167280        1.8552793165799584     
   19.686607118139470       0.89637770233800218     
   19.717168644746156        1.1176686371080204     
   19.762191882572349        1.8659166516753325     
   19.800810901316432        2.2352635539178953     
   19.860351844624176        1.1167573971477349     
   19.862583699259115        1.7276331843189290     
   19.892125596885595       0.53425657546962457     
   19.933928139211655        1.2040573168454660     
   19.964852971570693        1.1930439347720014     
   19.969759571229837        2.1222986647208586     
   19.980222893345214        2.3732276606203557     
   20.001402359813682        1.7098358519755732     
   20.024707526981594        1.1428826330050184     
   20.044758549572933        1.5499608347710372     
   20.063595294828797        1.7193221010040254     
   20.069464770373145        1.4334052391113072     
   20.104523148505656        2.2369506866071003     
   20.112327475435368        1.7127966191715140     
   20.146726939572574        1.5228650160984074     
   20.182150286253044        2.0606333759468733     
   20.215252891245044        1.5519973053922611     
   20.287968184049092        1.8391643579579029     
   20.346200699425246        2.1200465171563856     
   20.438419069511131        2.2379814221384970     
   20.452872390849286        3.4105085187608579     
   20.479868508473622        2.0636477332621315     
   20.503837926458232        2.2030346296091947     
   20.570083045374609        2.3185827602771663     
   20.583974319977887        3.7620011506022957     
   20.612598119017385        2.1061322058992085     
   20.668478003727451        1.5791712144300880     
   20.711050044190738        1.4970082568846330     
   20.717240909238576        1.3469958275493461     
   20.748746597287635       0.94379664241768491     
   20.774886994918106        3.3894929616015275     
   20.797199176962479        2.7102588538163044     
   20.811025657937044        1.3180689046922538     
   20.830154868567913        1.9721058803584028     
   20.842129717907270        1.1508516963219635     
   20.854851620845018        1.5253248353490438     
   20.863582835391810       0.88589480986006919     
   20.868952225142120        2.0833286702485099     
   20.873130940056559        2.2130327291634329     
   20.900640443652527        1.7160929443166024     
   20.940278882061506        1.7721726767479189     
   20.960134667995948        3.4711760579304363     
   20.970027350693854        2.6244626788489596     
   20.985626606893554        1.5794794908144412     
   21.005475548752862        2.0229580776775542     
   21.041610197580297        2.4276439842912594     
   21.049685182802712        1.5377769534895209     
   21.055804014285549        2.5601833091352968     
   21.080955663833716        1.7964771753303279     
   21.113536217264947        1.9023514740417911     
   21.122245492998289        1.5780748702947482     
   21.154921662702556        2.0601084009098858     
   21.164251577241785        1.7664400213243610     
   21.187601234261688       0.87282329730013097     
   21.194104141650520        1.0362913527865301     
   21.227959189805670        1.2337016822779512     
   21.276920696101730       0.96592887946944128     
   21.310353567194049        1.4353594941752454     
   21.326521611543637        1.3180674705483530     
   21.358664478498522       0.57811168991016082     
   21.359874480986644        1.1988487525289320     
   21.414198881149833        1.3299713790705021     
   21.417056430207051        1.5679160307559123     
   21.425594735157624        3.7234682593675474     
   21.476949881109331        1.4249292793629067     
   21.507126652618069        2.2615940555965559     
   21.517919512058619        1.2523884846480686     
   21.521060344102132        2.1834064217828550     
   21.530743463168431       0.65421702197923093     
   21.565965730314641       0.99072809656025174     
   21.581732671313450        1.3736333869535691     
   21.584335759333378        1.3185265382221698     
   21.590717727860035        1.2645979594604724     
   21.604639680595891        1.2180104002613292     
   21.616836286197273        1.3463092462175728     
   21.627034385394406        2.1585798957159876     
   21.640653423784176       0.97541332712163076     
   21.656797937405216        1.2701941172213234     
   21.666301833011133        1.4596269245980273     
   21.681577007542455       0.69077378799246880     
   21.702316775161133        1.4423305824947836     
   21.766050442342305        1.9899610786627535     
   21.770509186148225        1.6022799029546599     
   21.791732564398579        2.8015072309115898     
   21.808142943539998        1.9222350027390891     
   21.816226317606905        1.3804768511170733     
   21.831184644952838        1.6912202748528589     
   21.836058536033942        1.0941115493469693     
   21.849393823912912       0.72829759767030600     
   21.922117562702955       0.80390522113799967     
   21.990155131413754        2.1387855707555947     
   22.041316188661046       0.98548705890701915     
   22.057858089632006        1.6747035926469016     
   22.072682205426865        1.6795863798056367     
   22.087384287452370        1.9074301254009294     
   22.093050638086666        1.1744672558314611     
   22.150037119745267        1.6372728953843592     
   22.162017703580531       0.99490451241470579     
   22.173741597554002        2.1279408730581548     
   22.188712783804490        1.6167239111883513     
   22.209113666532009        1.3023222882298648     
   22.222979296155952        1.2544627711811751     
   22.230649266568367        1.4924658934968336     
   22.254973068489843        1.5223402955536973     
   22.296224152236565        1.2064325968203140     
   22.328248057837065       0.88113871384067943     
   22.337003167514485        1.6111224919316298     
   22.343222906229741       0.55102161120388837     
   22.348564753216714        1.3061143501944539     
   22.349578598062138        2.6848079619632150     
   22.381635364286883        1.4230972020422465     
   22.388313628452895        1.2125755851268734     
   22.433816692362665        2.1656050402716356     
   22.451671026697507        1.3002412833633892     
   22.524292953767507        1.2909648175000861     
   22.533472547421521        2.3809806758433374     
   22.542893997721901        1.1756540287633439     
   22.547917161472430        1.7509235545780828     
   22.570837359440247        1.5293021326431786     
   22.572882103933381        2.1606450192189142     
   22.659845112992720        3.1147264542121320     
   22.689107535269017        1.0212955325548527     
   22.697970734010312        1.4321498979725813     
   22.711692947363463       0.78993553169061248     
   22.723178282317651        1.0002477578555571     
   22.726761338888004        1.2818707445500128     
   22.745914337018732        1.1778353993191379     
   22.807512237766421        1.8952690162424231     
   22.836069071300034       0.96182809510530787     
   22.859303066449090        1.0645887524159185     
   22.896783057622251        1.0829352201542897     
   22.939522390151787        2.2065821828221850     
   22.960887477822059        1.6884498895520621     
   22.975495905470286        4.9810234893938921     
   23.124480308764564        2.0570350279290475     
   23.127890411806632        2.1764543393250237     
   23.146212976797759        1.7389725216765666     
   23.172259785332262        1.9338895946557124     
   23.197903391765895        3.0293406072902225     
   23.215281045685956        1.9183989012759446     
   23.344322609174341        1.6873185176243992     
   23.373721238744146       0.49594363379544559     
   23.375268842962491        2.1358012878071579     
   23.403600254937270        1.7119874823742061     
   23.444588786083155        1.2060002685631470     
   23.451441438314728        1.1004714528820387     
   23.493845760292608        1.2382949907763789     
   23.496655673473530        1.3672785882545433     
   23.505274613148270        1.0831748355146225     
   23.517273036294480        1.0272363614638498     
   23.519078572244528        1.3366254880016968     
   23.524303355350636       0.58882059335796444     
   23.543304194707666        1.2189682103356121     
   23.597753347954217       0.70245937897412014     
   23.619874796487018       0.99877315241884412     
   23.628373914844470       0.84101063116417163     
   23.652356308046443        1.4528881481358100     
   23.655599885570481        2.5474197870358286     
   23.668549536451394        1.6830272396810924     
   23.695247638234996       0.88420676364261563     
   23.720735708687297        1.0809260946773986     
   23.735620316071813       0.99831239385924231     
   23.753047292280044        1.7382481412140633     
   23.760208377301129        1.0370263248291898     
   23.810837103569813        1.5605408726666512     
   23.825611346723733       0.96620372816856337     
   23.861306482775337       0.75396045805269640     
   23.870863809211716        4.3718537399044681     
   23.941265667274997        1.9019534669258198     
   24.034097464201913        1.0849271656567270     
   24.037070143039415        2.1950260419313894     
   24.056659170758749        1.0749126225733443     
   24.069399673173756        2.6855296470714873     
   24.125390091650988       0.51536277646076911     
   24.167321988005952        1.2080935419453820     
   24.184048499265280       0.82091173115324623     
   24.215494216668205       0.99899124839999798     
   24.248447306715015       0.25087953892449910     
   24.251140317962818        1.5210313498404862     
   24.278126624374067        1.6025986281257205     
   24.292644341753451        1.6024835901860710     
   24.332301839083161        1.9764550968663972     
   24.349950886638524        1.4150195962260224     
   24.404236285605016       0.65717926603445986     
   24.405490190539069        1.4978579086277064     
   24.412227008925768        2.0668292068495888     
   24.439332068046980        1.1417373944970408     
   24.530701208332374        1.3574001140342489     
   24.553427211732458        2.5660980197972951     
   24.590287821656716        1.3355412363896144     
   24.591237536800673        3.2531744917361829     
   24.630624626444266        1.4904918077026037     
   24.632753043199301        1.9699544373984490     
   24.643501000032806        3.1278727514943636     
   24.704809392514846        1.1948010386687811     
   24.708207770770176        1.0200101247409021     
   24.724638747018066        1.4434943658442796     
   24.766641811991136        2.3493611318932257     
   24.798580036840992        1.8789443296029920     
   24.834840922554111       0.74027090895709224     
   24.841952951425220        2.4514574202023680     
   24.855810066397037        1.1872421791607648     
   24.873031551417604        2.0060397586131278     
   24.892302249818727       0.95425133155949093     
   24.904293260068783        1.1081872252990341     
   24.915905400864773        1.2472755341524620     
   24.953027609193192        1.1465879707990660     
   24.957834023454616        1.2280427558815175     
   24.966862781484213       0.82078882758623817     
   24.979562592173323        1.4428529754083685     
   25.036309106755461        2.4279063570450501     
   25.049455017978453        1.4419814305093881     
   25.054424524533509        2.3733287258602926     
   25.067765776100067        1.2125860265855268     
   25.081479372456801        1.4846876298541987     
   25.083048396558475        2.2121748989577470     
   25.102967397538276        2.0824752627177587     
   25.158807261525194        1.6534318523107518     
   25.184258023245643        1.4415081964712568     
   25.185711867936725        2.1862068290159602     
   25.218757145960151       0.91098780123288325     
   25.242142515875802       0.79817397634024956     
   25.267660856771919        1.3052740055262593     
   25.294737892168229       0.97511520341865821     
   25.299669261214451        2.6993466596719315     
   25.328729173676400        1.7993766540816503     
   25.340821239409696        1.7233319318762963     
   25.358013696094787       0.83579829008425333     
   25.385765576527696        2.1620637980891666     
   25.397641059643661        1.3812254672525786     
   25.536917603505188       0.79419950035889508     
   25.546424432697425        1.5878308656476379     
   25.587070318642343       0.92666016806505147     
   25.596123023938766       0.40551434967971278     
   25.611219747020254       0.98662919789457271     
   25.660216708778190        1.3303903675243522     
   25.741371588096619       0.77619938781612208     
   25.747586212889427        2.0027727712833219     
   25.765829517702887        2.5909153464248900     
   25.796417733658899       0.33265942831640949     
   25.798120489447484        1.8823133668473846     
   25.822373130977724        1.2425756030845883     
   25.863096534097096       0.73707308735716293     
   25.869682600862227        1.3190848676076425     
   25.874994733361426        1.2338526963619503     
   25.888453027680043        1.2571813947969745     
   25.895042643261430        1.0934087605497207     
   25.901123068402121        1.7917252961906411     
   25.906238873922590        1.4460054312039463     
   25.915607833467021        1.2067991079068288     
   25.920497137203835        2.2085458790832879     
   25.921083746560875        3.8757419788900482     
   25.966340166921199        1.1813958638838231     
   25.991421042212838        1.2911065010772689     
   26.037722513008791        1.3515016059349332     
   26.062356451901149       0.78175661431554166     
   26.067753903225480       0.47799312052348847     
   26.131245709758350       0.55852008454940527     
   26.150631914883768        1.7339995384784272     
   26.162576316665067        1.6359745591588029     
   26.171114524339430        1.3725388962430476     
   26.196120941932254        1.7305785137824510     
   26.243407611287850        1.7710471773235601     
   26.255787071150113        1.3367773062838704     
   26.268356915772760        1.7040300044380674     
   26.335272990058840        1.0230749959718697     
   26.344861194436902       0.87656065260082194     
   26.348804063913050        2.4507111346300952     
   26.409520162654246       0.99521876280311539     
   26.431485060645073        2.9171187195067358     
   26.467137306348974        1.3791332615454395     
   26.471896296366548        2.1893563587664793     
   26.479155871196706        1.6795519211071888     
   26.484519289888226       0.84747877615048417     
   26.512005414414386        1.7054966400894294     
   26.576143254243789        2.3092907735348809     
   26.600839279946136       0.61725308558100922     
   26.603428942717105        1.0980606663848060     
   26.632835985811074        1.3434320792750440     
   26.637901706586128        3.9666100795012533     
   26.654678702082911        2.4443822504267798     
   26.668272964155193        2.8463900472733092     
   26.680375198341590        2.9314228678643119     
   26.720134357589796        2.3494671160781984     
   26.725904202601775        1.9105086845496788     
   26.740711841497259        1.4887260043007013     
   26.770933337553537        1.2508753573657561     
   26.793406921327179        2.7266830652668355     
   26.812477034003468        1.6156207015506598     
   26.824311669366679       0.99487092181854753     
   26.826208579427409        1.1760340072257311     
   26.839744247719040       0.74730375012655537     
   26.847876794450805       0.59305168832640354     
   26.855897435704573        2.3599758432500475     
   26.866527113240970        1.0722344715625884     
   26.879943213641564       0.43208417311632652     
   26.886487801426316       0.91293534170986534     
   26.895282029509676        1.3810041955489369     
   26.938354299636142       0.84282888114884669     
   26.945339151868172        1.2150132626096664     
   26.984310218604094       0.67739351501123812     
   27.013341266533992       0.70250847175419995     
   27.019159101990994        1.3387060720750112     
   27.042716504714662       0.71894762768332221     
   27.048321893709197        1.1691779078458726     
   27.078493049045353        1.8903361431137584     
   27.092160021400201        1.3075805322632876     
   27.100518433368002        2.6951361157668599     
   27.119228538428281        1.2396469205958314     
   27.131475439106104       0.54071020367380251     
   27.140237435501732        1.0947473879465903     
   27.173796818570288       0.74708341157008595     
   27.183260414889386        2.5688151280446183     
   27.228509624073144        1.0427199637375713     
   27.268293345970086        1.2921102375390896     
   27.272776011640101        1.0278796038774873     
   27.283910773560507        1.3702919123920350     
   27.286974061511529        1.6158685522550720     
   27.287677893155674        3.4302418368069079     
   27.313630592681950        1.5128540806947650     
   27.318459533890053        1.9625668704152996     
   27.350023608321539        1.4107456075490503     
   27.360305512015071        1.5158937423910297     
   27.374480244236683       0.66704990435384548     
   27.383250388943338        2.5210882899344860     
   27.401960470906488        2.2267748313931808     
   27.417792231327386        2.0091841593230808     
   27.440627452814351       0.54789487874660237     
   27.459007089686196        2.6504919283518773     
   27.494071807326929        1.6923726706345463     
   27.519918763408846        1.7381787782176950     
   27.549764246027273        1.9151094949713250     
   27.561822987452022       0.84104797745202653     
   27.563165521283107        3.2346939944976771     
   27.618664790606211       0.11031061327675999     
   27.641018946684227        1.0448979135738794     
   27.656155280706496        1.8010414290211607     
   27.664357885871844       0.80903855882566278     
   27.674158561111827        1.2140175165320051     
   27.677960277486299        1.0498575849215088     
   27.713770524208417        1.4682261772876521     
   27.717657946181735        1.5846789489135706     
   27.751295895662214        1.5746415078719302     
   27.766104833422421        1.2152429204305075     
   27.810342624202473        1.1641052144409347     
   27.814760326313515       0.45557175882189571     
   27.844198946519406       0.49681734694637636     
   27.883170101097015       0.42719274181188466     
   27.898262196047270        1.7263103654869361     
   27.905858404120377        1.3161125521117352     
   27.921480831189019       0.81589560243683490     
   27.930593944205530        1.1053244783935383     
   27.937459129676512       0.95382697187614485     
   27.962594891231483       0.60446729393235754     
   28.001773880791305       0.76390391686689629     
   28.017412996730684        1.8604174819179309     
   28.047262682277413        1.2262458351184597     
   28.056854449788197       0.88984783201620621     
   28.070767609082658       0.89732128380544007     
   28.075374876965590        1.6542306762700780     
   28.085042163792032        1.6015393975978585     
   28.101738290725201       0.82121616865344105     
   28.117437623644793       0.82293177353896640     
   28.130135676096643        1.1619298126060829     
   28.143971197537581       0.93505163167347249     
   28.183675106878667       0.34609963941917116     
   28.230536500647005        1.6678757090189817     
   28.251277772609825       0.26934211613930337     
   28.301920131397189       0.84477255970772325     
   28.310229532227986        3.5614716831196982     
   28.367784631299561        1.2694701362111096     
   28.415103235622212        2.1897637552625957     
   28.426384236949275        1.2115851014333077     
   28.464521944760961       0.55439083457052196     
   28.503651737812451       0.87764196491119262     
   28.511277058495882        1.1795593320135804     
   28.545883108092188        2.9035290618057514     
   28.591082848887446       0.42176015420074220     
   28.606602092080383        1.1789713297674307     
   28.617772978536916        2.5177053033402057     
   28.639172817487729        1.1764605106746222     
   28.668658850957193       0.62460708503241025     
   28.676457978358766       0.99768998216884486     
   28.686283905495138        1.1336259273385207     
   28.712229045480555       0.93238485000375204     
   28.716206731928057       0.76652040676738220     
   28.744682896794824        1.1077165510701468     
   28.760215069749233       0.98581689432465591     
   28.763904236646173        1.0307738283034926     
   28.787660683552510        1.1370478309248335     
   28.792307506005077        1.0905486897018872     
   28.803061643605698       0.19704640323188527     
   28.808886356190300        1.1313655013320087     
   28.853711026572007        1.1052926970216372     
   28.858131193124990        1.0918421303709300     
   28.874769276441349        1.4829103451192605     
   28.883291217832532        1.3354118631842100     
   28.894367835718178        1.1499162741587250     
   28.902322766500522        1.4729698484893854     
   28.914668939019958        1.0781031544211681     
   28.953264961707692        1.1335186997138555     
   28.956560158440169        1.4584733232952671     
   28.990150919953972        1.5376541743583552     
   29.009726949807909       0.87828758654017436     
   29.055589073072046        2.3312046381934444     
   29.075729772330686        1.8999725137369996     
   29.108290532172781       0.98103078576627323     
   29.113325198273873        1.0634997210643689     
   29.120326004743873        1.3051436695080569     
   29.131027392700521       0.63509836679445464     
   29.140091761132457        2.9785386971910892     
   29.154674327190452        2.2476799150220179     
   29.174488689218123        1.1529055210606403     
   29.178942650897213        1.1064050915496830     
   29.185282126642733       0.93338794817311899     
   29.189673095712696        2.6989458767626595     
   29.216025523723669        4.3161085081652111     
   29.269660171194566        3.1055055049380664     
   29.315385269731109        3.1137591993196994     
   29.379181825371205        1.7175177401749515     
   29.381433030972996        2.8997271776682529     
   29.405473719327990        1.6151122640504973     
   29.425792941047703        1.6899791308911205     
   29.431150422255506       0.79647344786802099     
   29.439217723556112        2.2185230446802406     
   29.450322595491631        1.1642475133151711     
   29.503205980693370        1.1853420718480414     
   29.510404359424786        2.3737587787191141     
   29.515386882855182        1.8677945250090289     
   29.538870401789797        2.6826254984267841     
   29.575578095690950       0.98253533432724249     
   29.575882264793048        2.9390592583237178     
   29.609586044177902       0.82130142152286767     
   29.621074577967764       0.18768054264466649     
   29.635030260932815        1.4087110348853749     
   29.677186014607098        1.2637714491329177     
   29.691942350378547        2.0052910619172724     
   29.700309168336247        1.1758094220815620     
   29.703952546220371        2.1871673580776774     
   29.714670423747563        1.5275845560266283     
   29.747663971536976       0.91156259361797065     
   29.760787036265196        1.7900069395696863     
   29.765728693117815       0.97163878647883095     
   29.776304382604877       0.82459301392150275     
   29.784081855184997        1.2274026025172309     
   29.793199777730109        1.1548787526460418     
   29.799324591904984       0.55626200849324470     
   29.809938404052911        1.4071069319426537     
   29.814186519121407       0.99163155927629976     
   29.828482668595331       0.46445583904199822     
   29.832005198660823       0.73989950802611759     
   29.840615316043980        2.0950275616867717     
   29.851269495016847        1.2381607799591867     
   29.875090236776426       0.58608787732393752     
   29.880194570322747       0.24449555187649774     
   29.922598861902660        1.7590720017948813     
   29.925648154661776        1.6412080315775979     
   29.928740079327270        1.3152986445535919     
   29.948285749445791        2.6692225022735414     
   29.950528308485161        2.5436579265430428     
   29.965161742211478        1.6991679930672106     
   29.993819447241712       0.96510993853098670     
