           0
           0
           0
           0
           0
           0
           0
           0
           0
           0
           0
           0
           0
           0
           0
           0
           0
           0
          86
         310
         651
         387
          19
          59
          69
          50
         218
         178
          25
          17
           9
          17
          12
          15
          19
          31
          22
          33
           5
         126
          76
         148
          61
         656
         142
          36
           0
          26
          51
           5
          65
          64
          39
           0
          14
           4
          12
           0
           2
           2
          27
           0
          21
          98
           0
           3
           9
          23
          58
         158
          51
         136
         161
          29
          21
          79
           0
          36
           0
           0
          10
           9
          62
         197
         115
         230
         246
           0
           0
           0
           0
           0
           0
           0
           0
           0
           0
           5
           9
           0
          10
           6
          54
           5
          43
         284
          50
         125
          23
          39
          16
          52
          29
          66
           0
          19
          22
           0
           0
           0
           0
           0
           0
           0
           0
           0
           0
           0
           0
           0
           0
           0
           0
           0
           0
           0
          12
           0
          37
          57
         261
          14
          25
           0
           0
           1
           0
          38
           0
           2
           2
         161
         154
         223
         584
          67
          47
           0
           0
           0
           0
           0
           2
           0
           0
           0
           0
           0
           8
           4
           0
           8
           6
           0
           0
           0
           0
           6
           0
           0
           0
           0
           8
          10
           0
           0
           0
           0
           0
           0
           0
           0
           0
           0
           0
           0
           0
           0
           0
           0
